7241
7241
7244
7244
7244
7244
7244
7244
7244
7215
7215
7216
7238
7238
7238
6880
6880
6880
7245
7245
7245
7245
7244
7244
7244
7245
7244
7245
7244
7245
7215
7215
7215
7242
7242
7218
7244
7243
7243
7245
7243
7243
5455
5455
5456
7171
7171
7171
7188
7188
7188
7190
7190
7191
7206
7206
7206
7226
7226
7226
6053
6055
6053
6059
6059
6059
6134
6134
6134
6136
6136
6136
6137
6137
6137
5945
5945
5945
5952
5952
5952
5953
5953
5953
5954
5954
5954
5960
5960
5960
7099
7099
7099
7106
7106
7106
7105
7105
7105
7129
7129
7129
7142
7142
7142
7067
7067
7067
7091
7091
7091
7121
7121
7121
7217
7217
7217
7247
7247
7247
