[0.6532125137753437, 0, 0, 0, 0.6532125137753437, 0, 0, 0, 0, 0, 0, 0, 0, 0, 0, 0, 0, 0, 0, 0, 0, 0, 0, 0, 0.6532125137753437, 0, 0.6532125137753437, 0, 0, 0, 0, 0, 0.6532125137753437, 0, 0, 0, 0, 0, 0, 0, 0.6532125137753437, 0, 0, 0.47712125471966244, 0, 0, 0, 0, 0, 0, 0, 0, 0, 0.6532125137753437, 0, 0, 0.6532125137753437, 0, 0, 0, 0, 0, 0, 0.6532125137753437, 0, 0, 0, 0]
[0, 0, 0, 0.6532125137753437, 0, 0, 0, 0, 0.6532125137753437, 0, 0, 0.6532125137753437, 0, 0.47712125471966244, 0, 0, 0, 0.6532125137753437, 0.6532125137753437, 0, 0, 0, 0, 0, 0, 0, 0, 0, 0, 0, 0, 0, 0, 0, 0, 0, 0.3521825181113625, 0, 0, 0, 0, 0, 0.6532125137753437, 0.47712125471966244, 0, 0, 0, 0, 0, 0, 0, 0, 0, 0, 0, 0, 0, 0, 0, 0, 0, 0, 0, 0, 0, 0, 0.47712125471966244, 0]
[0, 0, 0, 0, 0, 0, 0.6532125137753437, 0, 0, 0, 0, 0, 0, 0.47712125471966244, 0, 0, 0, 0, 0, 0, 0, 0.6532125137753437, 0, 0, 0, 0, 0, 0.6532125137753437, 0, 0, 0, 0, 0, 0, 0, 0, 0.3521825181113625, 0.6532125137753437, 0, 0, 0, 0, 0, 0, 0.6532125137753437, 0, 0, 0.6532125137753437, 0, 0, 0, 0, 0, 0, 0, 0, 0, 0, 0, 0, 0, 0, 0, 0, 0.6532125137753437, 0, 0.47712125471966244, 0]
[0, 0, 0.6532125137753437, 0, 0, 0.3521825181113625, 0, 0.6532125137753437, 0, 0, 0, 0, 0, 0, 0.3521825181113625, 0, 0.6532125137753437, 0, 0, 0, 0, 0, 0, 0, 0, 0.6532125137753437, 0, 0, 0.3521825181113625, 0, 0, 0, 0, 0, 0, 0.6532125137753437, 0, 0, 0, 0, 0, 0, 0, 0, 0, 0.10914446942506809, 0, 0, 0, 0, 0, 0, 0, 0, 0, 0, 0, 0, 0, 0, 0, 0, 0, 0, 0, 0.6532125137753437, 0, 0]
[0, 0, 0, 0, 0, 0.3521825181113625, 0, 0, 0, 0, 0, 0, 0.6532125137753437, 0, 0.3521825181113625, 0, 0, 0, 0, 0, 0.6532125137753437, 0, 0, 0, 0, 0, 0, 0, 0.3521825181113625, 0, 0, 0.6532125137753437, 0, 0.6532125137753437, 0, 0, 0, 0, 0, 0, 0, 0, 0, 0, 0, 0.10914446942506809, 0, 0, 0, 0, 0.6532125137753437, 0, 0, 0, 0.6532125137753437, 0, 0, 0, 0, 0, 0, 0, 0, 0, 0, 0, 0, 0]
[0, 0, 0, 0, 0, 0.3521825181113625, 0, 0, 0, 0, 0, 0, 0, 0, 0.3521825181113625, 0, 0, 0, 0, 0.6532125137753437, 0, 0, 0.6532125137753437, 0, 0, 0, 0, 0, 0.3521825181113625, 0, 0.6532125137753437, 0, 0, 0, 0, 0, 0, 0, 0.47712125471966244, 0, 0, 0, 0, 0, 0, 0.10914446942506809, 0, 0, 0, 0.6532125137753437, 0, 0, 0, 0, 0, 0, 0, 0, 0, 0, 0, 0, 0, 0, 0, 0, 0, 0.6532125137753437]
[0, 0, 0, 0, 0, 0, 0, 0, 0, 0, 0, 0, 0, 0, 0, 0.47712125471966244, 0, 0, 0, 0, 0, 0, 0, 0.47712125471966244, 0, 0, 0, 0, 0, 0.6532125137753437, 0, 0, 0, 0, 0, 0, 0.3521825181113625, 0, 0, 0, 0, 0, 0, 0, 0, 0.10914446942506809, 0.6532125137753437, 0, 0, 0, 0, 0, 0, 0, 0, 0, 0, 0.6532125137753437, 0, 0.3521825181113625, 0.47712125471966244, 0, 0.6532125137753437, 0, 0, 0, 0, 0]
[0, 0.6532125137753437, 0, 0, 0, 0, 0, 0, 0, 0.6532125137753437, 0, 0, 0, 0, 0, 0.47712125471966244, 0, 0, 0, 0, 0, 0, 0, 0.47712125471966244, 0, 0, 0, 0, 0, 0, 0, 0, 0, 0, 0, 0, 0, 0, 0, 0, 0, 0, 0, 0, 0, 0.10914446942506809, 0, 0, 0.6532125137753437, 0, 0, 0.6532125137753437, 0, 0, 0, 0.6532125137753437, 0, 0, 0, 0.3521825181113625, 0.47712125471966244, 0, 0, 0, 0, 0, 0, 0]
[0, 0, 0, 0, 0, 0, 0, 0, 0, 0, 0.6532125137753437, 0, 0, 0, 0, 0, 0, 0, 0, 0, 0, 0, 0, 0, 0, 0, 0, 0, 0, 0, 0, 0, 0, 0, 0.6532125137753437, 0, 0, 0, 0.47712125471966244, 0.6532125137753437, 0, 0.6532125137753437, 0, 0, 0, 0.10914446942506809, 0, 0, 0, 0, 0, 0, 0.6532125137753437, 0, 0, 0, 0, 0, 0.6532125137753437, 0.3521825181113625, 0, 0.6532125137753437, 0, 0, 0, 0, 0, 0]

['노동자', '관리', '개정', '원인', '평균', '국토', '한시', '정규직', '소행', '자동차', '소문', '근로자', '방식', '그동안', '근로', '때문', '통계청', '올해', '화재', '지사', '신고', '대지진', '슈리성', '사고', '계약', '설문', '정보', '연관', '포인트', '재일교포', '내용', '한국인', '문항', '고속도로', '의원', '통계', '대상', '주인', '청장', '가짜', '뉴스', '지하', '누리', '활용', '전문가', '온라인', '차량', '일본', '건물', '사회', '엔진', '본인', '일부', '주차', '수혜', '정규', '질문', '정밀', '경기', '문제', '대해', '발생', '방화', '리콜', '주차장', '조사', '비 정규직', '곧바로']


[0.6532125137753437, 0, 0.0, 0, 0.6532125137753437, 0, 0, 0.0, 0, 0, 0, 0, 0, 0, 0.0, 0, 0, 0, 0, 0, 0, 0, 0, 0, 0.6532125137753437, 0, 0.6532125137753437, 0, 0, 0.0, 0, 0, 0.6532125137753437, 0, 0, 0, 0.0, 0, 0.0, 0, 0.6532125137753437, 0, 0.4328367815176359, 0.47712125471966244, 0, 0, 0, 0, 0, 0, 0, 0, 0.0, 0.6532125137753437, 0, 0, 0.6532125137753437, 0, 0, 0, 0, 0, 0, 0.6532125137753437, 0, 0, 0.4516329174669928, 0]

[0, 0, 0.0, 0.6532125137753437, 0, 0, 0, 0.0, 0.6532125137753437, 0, 0, 0.6532125137753437, 0, 0.47712125471966244, 0.0, 0, 0, 0.6532125137753437, 0.6532125137753437, 0, 0, 0, 0, 0, 0, 0, 0.4328367815176359, 0, 0, 0.0, 0, 0, 0, 0, 0, 0, 0.3521825181113625, 0, 0.0, 0, 0.301337765582419, 0, 0.6532125137753437, 0.47712125471966244, 0, 0, 0, 0, 0, 0, 0, 0, 0.0, 0, 0, 0, 0, 0, 0, 0, 0, 0, 0, 0, 0.21324745329794134, 0, 0.47712125471966244, 0]

[0, 0, 0.0, 0, 0, 0, 0.6532125137753437, 0.0, 0, 0, 0, 0, 0, 0.47712125471966244, 0.0, 0, 0, 0, 0, 0, 0, 0.6532125137753437, 0, 0, 0, 0, 0.3298829396410854, 0.6532125137753437, 0, 0.0, 0, 0, 0, 0, 0, 0, 0.3521825181113625, 0.6532125137753437, 0.0, 0, 0.301337765582419, 0, 0.3157712868919366, 0.4065115454689083, 0.6532125137753437, 0, 0, 0.6532125137753437, 0, 0, 0, 0, 0.0, 0, 0, 0, 0, 0, 0, 0, 0, 0, 0, 0, 0.6532125137753437, 0, 0.47712125471966244, 0]

[0, 0, 0.6532125137753437, 0, 0, 0.3521825181113625, 0, 0.6532125137753437, 0, 0, 0, 0, 0, 0, 0.3521825181113625, 0, 0.6532125137753437, 0, 0, 0, 0, 0, 0, 0, 0, 0.6532125137753437, 0.0, 0, 0.3521825181113625, 0.42035122717238627, 0, 0, 0, 0, 0, 0.6532125137753437, 0.0, 0, 0.0, 0, 0.0, 0, 0.0, 0.0, 0, 0.10914446942506809, 0, 0, 0, 0, 0, 0, 0.0, 0, 0, 0, 0, 0, 0, 0, 0, 0, 0, 0, 0, 0.6532125137753437, 0, 0]

[0, 0, 0.235823012990645, 0, 0, 0.3521825181113625, 0, 0.06601145181261413, 0, 0, 0, 0, 0.6532125137753437, 0, 0.3521825181113625, 0, 0, 0, 0, 0, 0.6532125137753437, 0, 0, 0, 0, 0, 0.0, 0, 0.3521825181113625, 0.07764611416981776, 0, 0.6532125137753437, 0, 0.6532125137753437, 0, 0, 0.0, 0, 0.0, 0, 0.0, 0, 0.0, 0.0, 0, 0.10914446942506809, 0, 0, 0, 0, 0.6532125137753437, 0, 0.0, 0, 0.6532125137753437, 0, 0, 0, 0, 0, 0, 0, 0, 0, 0, 0, 0, 0]

[0, 0, 0.235823012990645, 0, 0, 0.3521825181113625, 0, 0.06601145181261413, 0, 0, 0, 0, 0, 0, 0.3521825181113625, 0, 0, 0, 0, 0.6532125137753437, 0, 0, 0.6532125137753437, 0, 0, 0, 0.0, 0, 0.3521825181113625, 0.07764611416981776, 0.6532125137753437, 0, 0, 0, 0, 0, 0.0, 0, 0.47712125471966244, 0, 0.0, 0, 0.0, 0.0, 0, 0.10914446942506809, 0, 0, 0, 0.6532125137753437, 0, 0, 0.310517162299798, 0, 0, 0, 0, 0, 0.19562838341706815, 0, 0, 0, 0, 0, 0, 0, 0, 0.6532125137753437]

[0, 0, 0.0, 0, 0, 0, 0, 0.42035122717238627, 0, 0, 0, 0, 0, 0, 0.0663706734685023, 0.47712125471966244, 0, 0, 0, 0, 0, 0, 0, 0.47712125471966244, 0, 0, 0.0, 0, 0, 0.6532125137753437, 0, 0, 0, 0, 0, 0, 0.3521825181113625, 0, 0.0, 0, 0.0, 0, 0.0, 0.0, 0, 0.10914446942506809, 0.6532125137753437, 0, 0, 0, 0, 0, 0.0, 0, 0, 0, 0, 0.6532125137753437, 0, 0.3521825181113625, 0.47712125471966244, 0, 0.6532125137753437, 0, 0.21324745329794134, 0, 0, 0]

[0, 0.6532125137753437, 0.0, 0, 0, 0, 0, 0.06601145181261413, 0, 0.6532125137753437, 0, 0, 0, 0, 0.0663706734685023, 0.47712125471966244, 0, 0, 0, 0, 0, 0, 0, 0.47712125471966244, 0, 0, 0.0, 0, 0, 0.07764611416981776, 0, 0, 0, 0, 0, 0, 0.0, 0, 0.0, 0, 0.0, 0, 0.0, 0.0, 0, 0.10914446942506809, 0, 0, 0.6532125137753437, 0, 0, 0.6532125137753437, 0.0, 0, 0, 0.6532125137753437, 0, 0, 0, 0.3521825181113625, 0.47712125471966244, 0, 0, 0, 0, 0, 0, 0]

[0, 0, 0.0, 0, 0, 0, 0, 0.06601145181261413, 0, 0, 0.6532125137753437, 0, 0, 0, 0.0663706734685023, 0, 0, 0, 0, 0, 0, 0, 0, 0, 0, 0, 0.0, 0, 0, 0.07764611416981776, 0, 0, 0, 0, 0.6532125137753437, 0, 0.0, 0, 0.47712125471966244, 0.6532125137753437, 0.0, 0.6532125137753437, 0.0, 0.0, 0, 0.10914446942506809, 0, 0, 0, 0, 0, 0, 0.6532125137753437, 0, 0, 0, 0, 0, 0.6532125137753437, 0.3521825181113625, 0, 0.6532125137753437, 0, 0, 0, 0, 0, 0]

근로자 근로 사회 정규 수혜 한시 평균 활용 포인트 정규직
노동자 통계 조사 비정규직 방식 정규직 그동안 본인 계약 때문
통계청 비정규직 통계 조사 설문 의원 질문 문항 올해 청장
일본 한국인 화재 일부 방화 소문 재일교포 발생 대지진 내용
화재 방화 온라인 정보 한국인 일본 전문가 연관 원인 소행
일본 화재 한국인 슈리성 지사 방화 건물 누리 가짜 뉴스
화재 국토 조사 정밀 리콜 차량 대해 사고 문제 대상
차량 화재 리콜 관리 자동차 문제 개정 경기 고속도로 국토
차량 건물 주차 화재 엔진 주차장 곧바로 신고 주인 지하

[1 1 1 0 0 2 0 0 2]


